0000913154 
0002166631
0061330736
0001046934
0201628597
0673152014
003032744X
0006326587
0002157853
0000913154
0001010565
0002176432
0001842749
0060002417
0006472184
0044422857
0002189569
0001811819
0000913154
0793110882
0006374093
0553573020
0072296003
000634156X
000221122X
0023417706
0002231441
0140468137
0002179695
0000913154
0030558646
0002231441
0002251213
0004703723
0020509871
0000913154
0024045411
0312216599
0140320849
0138887101
000213179X
0020418205
0324003374
0393960250
0521790069
0024181900
0023045507
0023061316
0004703723
0066210798
0000913154
0002259834
0030004780
0805206183
0534389325
0002552272
0140048626
0393960250
0590435558
0020447019
0765304031
0064600807
0006383777
0023619120
002708230X
0070168709
0688163777
0030184762
0878917004
0393960250
0029095026
000634156X
0256123578
0471509485
0000913154
0205297714
0029177766
0262200473
0878917004
0060081988
0743213033
0002166828
000217622X
0023242205
0141184183
002047430X
0027437906
0805206183
0001046713
0002156601
0029082404
0001711105
0006552390
0135225418
0226051471
0471498467
0000913154
0030283361
0743204387
0028639820
0023002905
0000913154
0139724567
0030948703
0000913154
0061011533
0805003487
0140145494
0000913154
0395281830
0878917004
0471160784
0001842749
0060913606
0060913916
0029227909
0060911514
0697365158
0030975891
0878917004
0000913154
0029095026
0002176432
0028617525
0006386725
0025182005
0004703723
0028606353
0000913154
0002157446